500
110 290 45
110 11 88
110 413 80
110 190 59
110 494 12
110 371 7
110 144 64
110 54 3
290 350 19
290 115 68
290 375 22
290 280 67
290 406 21
290 141 46
290 418 16
11 69 19
11 209 95
11 143 100
11 329 76
11 396 18
69 468 35
69 17 23
69 293 22
69 281 65
69 328 7
69 74 79
69 103 40
69 235 64
209 164 87
209 322 13
209 361 14
209 82 96
209 443 21
209 424 76
468 427 71
468 449 57
468 149 4
468 67 75
468 244 64
468 38 54
17 201 59
17 175 86
17 205 41
17 13 21
293 400 98
293 373 6
293 67 37
164 446 2
164 116 25
164 389 7
164 8 91
164 278 87
164 191 9
350 104 36
350 355 79
350 405 93
350 372 13
350 24 80
350 396 96
115 213 3
115 360 59
115 344 20
322 2 69
322 288 88
322 176 46
322 391 74
322 12 100
361 106 39
361 163 40
361 202 49
361 434 99
361 117 26
361 352 88
2 153 57
2 27 78
2 408 9
446 275 21
446 385 55
446 162 67
446 320 52
446 379 34
281 273 6
281 227 65
281 131 24
281 272 74
400 133 51
400 262 90
400 388 90
400 298 18
375 485 36
375 243 80
375 308 42
375 12 33
375 383 6
153 122 100
153 19 57
153 15 74
153 65 93
116 420 9
116 352 45
116 265 0
116 50 23
116 345 42
143 192 66
143 225 41
143 382 10
143 181 78
143 43 3
143 463 38
143 10 71
329 341 51
329 136 41
329 312 97
329 216 95
329 305 65
329 179 63
420 121 24
420 89 25
420 423 7
133 363 10
133 127 82
133 66 71
133 241 86
363 437 7
363 148 98
363 317 61
363 429 37
363 207 25
192 255 74
192 309 40
192 29 89
192 66 98
192 478 71
27 117 12
27 67 71
27 380 69
275 222 38
104 489 54
104 392 21
104 451 57
104 57 26
104 483 42
104 271 77
213 284 82
213 5 7
352 457 5
352 178 1
352 340 59
352 370 65
352 87 58
427 66 7
427 43 92
427 23 74
427 418 39
273 486 87
273 179 4
273 292 91
273 334 64
273 354 99
288 172 87
288 98 68
288 87 33
396 114 96
396 79 99
396 196 34
396 92 24
396 425 4
396 230 31
114 377 87
114 158 17
114 31 84
114 134 66
341 332 30
341 264 18
341 267 76
341 46 51
413 49 69
413 56 74
413 226 15
413 370 82
201 223 3
280 436 48
280 395 53
280 176 99
66 387 46
66 181 2
66 148 51
66 197 57
66 336 54
227 156 55
227 14 80
227 416 28
227 360 14
406 259 86
406 0 5
406 423 94
406 157 26
406 9 80
406 384 41
406 456 54
406 42 12
79 37 28
79 53 47
79 163 87
79 316 66
259 287 29
176 170 81
176 481 5
176 368 24
106 19 21
106 229 13
0 270 11
0 165 91
0 421 44
0 31 23
0 339 4
328 198 66
328 218 1
328 223 92
328 399 56
328 393 53
328 305 64
328 314 4
270 319 48
270 299 89
270 217 29
449 318 44
449 33 55
449 289 89
165 358 53
165 475 19
165 228 25
165 438 38
165 442 89
163 105 31
163 443 64
163 266 84
163 269 38
163 194 23
163 471 99
163 150 2
43 339 15
43 283 74
43 362 96
43 263 89
391 10 31
202 354 49
202 61 96
202 19 78
202 177 24
49 414 34
49 150 60
49 97 16
49 263 52
49 309 6
49 324 50
105 189 88
105 112 66
105 18 98
149 401 31
149 306 24
149 412 77
149 37 61
318 296 76
318 60 59
318 256 18
387 84 78
387 477 57
387 369 100
389 25 51
389 448 2
389 28 5
141 135 16
408 441 71
408 338 30
486 337 85
486 282 34
486 437 84
354 210 94
354 161 93
354 13 10
354 193 79
354 233 9
8 130 29
8 378 11
33 159 18
33 233 61
33 217 65
33 136 24
33 309 47
385 463 7
385 285 24
25 22 97
25 194 1
25 206 47
485 238 67
485 236 20
485 430 55
485 321 15
485 58 69
485 295 2
485 118 96
485 316 19
196 120 72
196 118 96
196 240 29
196 455 73
196 364 30
196 426 33
196 373 43
196 382 37
196 220 71
31 439 85
31 174 9
31 177 15
82 492 64
82 397 31
82 124 34
82 179 74
434 218 72
434 487 25
434 466 5
434 222 91
423 151 39
423 128 50
423 477 50
423 370 13
423 18 0
423 267 59
358 126 18
358 48 99
358 46 100
358 6 21
358 282 44
358 51 84
358 3 77
358 20 56
255 440 1
255 309 28
287 68 53
287 216 14
287 155 24
23 44 72
23 180 18
23 348 17
23 86 85
23 182 53
23 16 24
122 371 81
489 312 80
489 65 10
489 473 5
489 30 63
19 482 90
44 130 51
44 473 95
120 454 68
120 484 23
120 47 66
120 64 87
120 146 5
131 113 14
131 26 36
131 257 97
332 491 29
332 4 97
332 64 61
332 448 92
332 306 90
332 346 43
448 480 25
448 331 92
448 48 20
448 471 53
238 289 44
238 283 39
238 386 86
264 112 41
454 239 19
454 422 4
218 498 30
218 349 39
157 374 65
157 203 20
436 193 59
225 479 94
225 147 85
225 277 89
225 211 37
225 254 30
437 458 59
437 85 27
179 41 2
179 140 16
179 451 71
265 58 44
265 269 38
265 252 6
180 301 5
180 496 88
180 488 9
180 253 30
180 254 59
180 311 84
180 295 56
180 46 13
487 99 6
487 245 41
487 251 95
487 362 85
487 364 77
339 125 49
339 102 28
339 388 40
339 233 80
395 450 28
395 320 54
395 70 54
395 109 16
395 1 36
395 283 67
395 172 77
491 403 33
491 366 29
491 424 27
491 390 12
491 150 97
223 499 27
223 383 49
223 466 50
113 346 48
113 422 17
113 38 89
113 320 89
113 197 96
113 36 66
92 268 35
92 431 96
92 349 99
48 187 69
48 393 89
48 83 90
48 323 98
48 173 87
48 445 90
48 428 7
48 263 14
61 4 87
127 327 82
127 345 5
190 316 78
190 440 53
67 119 98
67 100 18
67 166 83
67 314 38
484 276 22
484 258 8
484 234 89
439 282 73
439 393 9
355 359 43
355 132 42
355 429 8
243 334 8
243 419 7
243 250 23
243 336 0
243 342 83
243 156 14
392 62 79
392 119 63
392 379 13
392 185 25
392 258 54
159 72 96
159 342 3
159 399 13
159 415 58
74 145 76
74 367 72
74 278 67
337 34 47
151 407 58
151 315 89
151 431 83
458 356 21
458 6 72
458 326 93
458 422 9
458 3 29
480 394 59
480 314 33
480 21 16
334 152 44
419 56 5
419 493 47
309 207 50
309 246 36
309 300 32
309 399 0
309 135 18
309 24 75
301 219 94
301 197 99
301 296 55
125 78 43
125 195 25
125 45 92
125 373 28
125 59 42
407 36 55
407 338 62
407 388 18
496 465 6
496 214 95
496 304 5
187 410 84
187 139 6
187 85 18
50 368 43
50 32 83
50 167 72
368 221 47
368 13 77
368 15 82
283 435 40
170 291 26
170 409 31
118 160 2
457 111 45
457 445 28
457 425 71
457 140 40
181 94 83
181 432 85
181 129 66
181 121 20
181 219 0
479 39 25
479 224 19
479 97 85
401 333 75
401 102 14
401 45 98
494 476 40
99 299 70
99 173 54
99 123 22
99 64 2
236 134 81
236 444 14
236 199 37
236 9 6
236 161 90
236 343 41
240 390 32
147 208 75
147 35 93
147 296 82
233 220 2
233 137 15
233 150 76
233 6 3
172 78 88
172 381 100
172 56 28
266 307 87
32 404 72
32 271 86
32 184 1
32 208 54
32 393 77
210 376 70
210 212 36
210 462 70
210 193 36
161 235 59
161 30 17
156 261 79
178 95 95
221 351 67
221 411 4
78 228 3
78 109 72
85 263 25
85 171 41
135 186 35
135 378 93
135 13 4
145 242 100
145 207 29
397 335 53
397 279 13
450 305 39
276 215 46
276 324 44
41 60 94
41 103 32
41 292 99
41 274 8
414 357 51
14 76 29
14 95 85
14 107 100
22 315 16
22 258 59
29 379 5
34 317 2
34 91 73
34 312 37
498 478 13
498 415 89
498 300 81
498 267 75
498 279 1
498 211 81
250 297 78
36 138 47
36 71 85
36 197 6
320 224 79
320 374 78
320 340 99
320 248 51
268 142 61
268 405 42
268 7 42
195 20 20
195 493 52
382 303 64
441 88 92
441 409 33
235 435 46
235 466 45
346 124 25
476 160 45
476 37 21
217 211 0
217 278 40
335 260 37
335 247 49
335 30 12
121 461 28
121 462 74
121 16 5
94 90 32
278 52 38
278 263 68
278 453 86
272 28 60
272 296 26
207 353 43
207 447 6
207 325 86
207 154 40
463 347 11
463 415 15
463 199 74
150 40 65
150 410 31
150 3 91
432 59 71
432 182 48
432 310 62
432 447 85
432 472 3
410 108 56
410 377 86
410 55 35
208 313 95
208 216 29
208 362 59
208 445 80
208 258 68
208 386 55
70 63 64
70 98 80
186 197 55
186 47 49
6 380 25
6 93 32
6 378 37
224 169 17
9 459 88
60 469 23
60 359 95
60 188 86
128 75 10
128 7 18
128 342 84
128 251 68
128 39 8
129 384 88
129 53 53
465 456 66
465 381 21
465 411 80
465 28 22
465 124 2
459 497 66
459 228 53
459 390 71
289 73 5
289 168 92
289 51 41
289 253 81
261 169 3
26 204 11
461 91 93
245 42 93
245 28 59
245 146 9
478 304 21
478 16 23
478 424 22
478 314 16
478 73 2
403 24 47
403 462 70
45 323 29
359 294 98
327 5 9
393 416 13
373 230 97
373 471 64
304 241 31
304 394 87
304 81 97
304 310 66
160 372 84
160 189 0
160 295 12
103 55 17
367 445 96
367 57 77
76 112 94
76 474 86
76 428 3
76 277 29
73 345 17
73 158 10
291 470 8
291 37 44
215 185 63
219 81 79
119 132 18
119 174 76
119 38 48
456 89 46
477 473 39
477 183 66
477 353 64
477 248 64
477 305 24
222 353 70
222 59 91
222 132 42
451 464 1
451 158 26
112 453 19
112 144 89
262 51 75
262 228 78
111 252 52
111 137 4
111 372 6
148 42 93
148 297 41
148 93 9
308 20 96
308 231 58
308 54 36
308 206 30
340 455 16
340 96 98
340 102 87
100 137 97
100 365 77
100 3 0
100 81 80
323 86 99
323 453 54
323 298 6
312 21 49
312 166 56
292 101 36
35 124 99
35 77 60
35 438 33
306 452 9
58 394 81
91 310 43
91 330 11
319 330 66
473 369 0
473 440 46
488 284 7
488 378 70
488 171 68
488 429 65
488 321 3
134 81 58
134 285 88
315 249 25
315 331 84
315 144 69
253 229 65
253 212 66
253 75 4
253 166 34
374 362 63
95 204 74
95 15 58
95 383 41
13 286 56
183 96 66
313 154 97
307 390 1
307 357 89
307 426 25
307 109 92
239 54 88
239 107 76
258 177 49
258 399 65
258 349 74
258 499 38
405 442 77
405 59 43
228 77 72
228 365 87
228 344 71
455 123 95
317 426 88
497 248 60
117 267 98
117 402 10
117 417 42
68 30 4
234 18 89
51 495 38
107 314 84
348 256 97
348 404 17
416 200 64
88 203 47
88 144 86
88 38 79
366 169 16
366 311 46
366 321 95
366 471 63
109 269 33
333 3 96
333 302 89
333 53 30
3 169 51
3 247 12
394 140 30
394 338 91
267 338 5
246 426 10
246 326 88
152 10 40
173 98 42
173 316 84
438 364 76
438 185 92
24 5 12
24 412 36
24 256 83
15 21 3
390 402 97
65 53 4
299 470 12
132 467 42
98 211 25
98 16 21
139 1 39
139 154 31
453 342 99
402 471 77
20 87 45
20 123 64
20 188 69
54 42 4
499 422 17
499 277 22
499 138 59
260 343 70
285 137 83
381 324 30
248 409 55
62 71 13
62 18 43
388 185 22
388 425 69
342 274 55
342 7 54
229 398 31
229 297 6
481 282 62
481 324 15
378 212 21
378 55 23
415 80 17
415 386 47
466 495 9
466 412 70
404 46 16
90 425 37
101 188 38
101 142 11
435 343 35
435 39 77
296 55 58
296 470 42
231 493 50
302 232 54
18 386 52
383 247 82
383 204 64
194 42 53
351 331 54
351 294 7
431 171 70
431 72 65
80 30 56
140 158 55
140 4 66
324 237 44
324 295 35
324 472 0
324 191 59
324 470 26
286 252 42
188 87 15
344 154 55
226 490 73
226 138 74
226 377 22
447 433 6
447 428 37
447 177 9
447 28 54
108 138 97
230 12 51
230 417 27
495 252 54
495 5 96
495 493 100
16 298 78
21 409 93
424 39 83
377 460 34
59 428 26
55 440 52
471 379 81
237 251 68
237 155 41
97 257 5
97 137 100
445 440 0
326 64 68
326 482 1
37 257 61
336 379 63
336 440 98
343 155 80
343 412 88
412 182 15
57 177 72
168 314 30
295 64 94
425 467 11
256 467 75
96 365 57
96 162 28
53 493 83
53 428 85
493 294 69
294 64 46
212 257 71
422 28 31
325 154 40
376 71 26
467 440 71
426 428 62
365 418 81
365 379 23
137 311 52
462 146 23
241 185 25
146 305 49
72 93 22
232 251 87
242 314 99
184 211 97
338 251 3
